00000000000010000000000000000001000000000000000000000000000000000000000000000000000000000000000000000000000000000000000000000000;014;0.0;00000000000010000000000000000001000000000000000000000000000000000000000000000000000000000000000000000000000000000000000000000000
00000000000010000000000000000001000000000000000000000000000000000000000000000000000000000000000000000000000000000000000000000000;037;-999.0;00000000000010000000000000000001000000000000000000000000000000000000000000000000000000000000000000000000000000000000000000000000
00010100000100000000000000000000000000001000000000000000000000000010000000000010010000000000000000000000000001010000000000000000;005;0;00010100000100000000000000000000000000001000000000000000000000000010000000000010010000000000000000000000000001010000000000000000
00010100000100000000000000000000000000001000000000000000000000000010000000000010010000000000000000000000000001010000000000000000;155;0;00010100000100000000000000000000000000001000000000000000000000000010000000000010010000000000000000000000000001010000000000000000
00010100000100000000000000000000000000001000000000000000000000000010000000000010010000000000000000000000000001010000000000000000;013;0;00010100000100000000000000000000000000001000000000000000000000000010000000000010010000000000000000000000000001010000000000000000
00010100000100000000000000000000000000001000000000000000000000000010000000000010010000000000000000000000000001010000000000000000;121;0;00010100000100000000000000000000000000001000000000000000000000000010000000000010010000000000000000000000000001010000000000000000
00010100000100000000000000000000000000001000000000000000000000000010000000000010010000000000000000000000000001010000000000000000;050;0;00010100000100000000000000000000000000001000000000000000000000000010000000000010010000000000000000000000000001010000000000000000
00010100000100000000000000000000000000001000000000000000000000000010000000000010010000000000000000000000000001010000000000000000;157;0;00010100000100000000000000000000000000001000000000000000000000000010000000000010010000000000000000000000000001010000000000000000
00010100000100000000000000000000000000001000000000000000000000000010000000000010010000000000000000000000000001010000000000000000;003;0;00010100000100000000000000000000000000001000000000000000000000000010000000000010010000000000000000000000000001010000000000000000
00010100000100000000000000000000000000001000000000000000000000000010000000000010010000000000000000000000000001010000000000000000;102;0;00010100000100000000000000000000000000001000000000000000000000000010000000000010010000000000000000000000000001010000000000000000
00010100000100000000000000000000000000001000000000000000000000000010000000000010010000000000000000000000000001010000000000000000;116;-999;00010100000100000000000000000000000000001000000000000000000000000010000000000010010000000000000000000000000001010000000000000000
